nvcc -o matrix_lib_test matrix_lib_test.cu matrix_lib.cu timer.c 
inf1029-26@iac2:~/iacT4$ ./matrix_lib_test 4.0 1024 1024 1024 1024 256 4096 1024 floats_1024_2.0f.dat floats_1024_5.0f.dat result1.dat result2.dat
---------- Matrix A ----------
2.0 2.0 2.0 2.0 2.0 2.0 2.0 2.0 2.0 2.0 2.0 2.0 2.0 2.0 2.0 2.0 
2.0 2.0 2.0 2.0 2.0 2.0 2.0 2.0 2.0 2.0 2.0 2.0 2.0 2.0 2.0 2.0 
2.0 2.0 2.0 2.0 2.0 2.0 2.0 2.0 2.0 2.0 2.0 2.0 2.0 2.0 2.0 2.0 
2.0 2.0 2.0 2.0 2.0 2.0 2.0 2.0 2.0 2.0 2.0 2.0 2.0 2.0 2.0 2.0 
2.0 2.0 2.0 2.0 2.0 2.0 2.0 2.0 2.0 2.0 2.0 2.0 2.0 2.0 2.0 2.0 
2.0 2.0 2.0 2.0 2.0 2.0 2.0 2.0 2.0 2.0 2.0 2.0 2.0 2.0 2.0 2.0 
2.0 2.0 2.0 2.0 2.0 2.0 2.0 2.0 2.0 2.0 2.0 2.0 2.0 2.0 2.0 2.0 
2.0 2.0 2.0 2.0 2.0 2.0 2.0 2.0 2.0 2.0 2.0 2.0 2.0 2.0 2.0 2.0 
2.0 2.0 2.0 2.0 2.0 2.0 2.0 2.0 2.0 2.0 2.0 2.0 2.0 2.0 2.0 2.0 
2.0 2.0 2.0 2.0 2.0 2.0 2.0 2.0 2.0 2.0 2.0 2.0 2.0 2.0 2.0 2.0 
2.0 2.0 2.0 2.0 2.0 2.0 2.0 2.0 2.0 2.0 2.0 2.0 2.0 2.0 2.0 2.0 
2.0 2.0 2.0 2.0 2.0 2.0 2.0 2.0 2.0 2.0 2.0 2.0 2.0 2.0 2.0 2.0 
2.0 2.0 2.0 2.0 2.0 2.0 2.0 2.0 2.0 2.0 2.0 2.0 2.0 2.0 2.0 2.0 
2.0 2.0 2.0 2.0 2.0 2.0 2.0 2.0 2.0 2.0 2.0 2.0 2.0 2.0 2.0 2.0 
2.0 2.0 2.0 2.0 2.0 2.0 2.0 2.0 2.0 2.0 2.0 2.0 2.0 2.0 2.0 2.0 
2.0 2.0 2.0 2.0 2.0 2.0 2.0 2.0 2.0 2.0 2.0 2.0 2.0 2.0 2.0 2.0 
Limite de 256 elementos impressos.
---------- Matrix B ----------
5.0 5.0 5.0 5.0 5.0 5.0 5.0 5.0 5.0 5.0 5.0 5.0 5.0 5.0 5.0 5.0 
5.0 5.0 5.0 5.0 5.0 5.0 5.0 5.0 5.0 5.0 5.0 5.0 5.0 5.0 5.0 5.0 
5.0 5.0 5.0 5.0 5.0 5.0 5.0 5.0 5.0 5.0 5.0 5.0 5.0 5.0 5.0 5.0 
5.0 5.0 5.0 5.0 5.0 5.0 5.0 5.0 5.0 5.0 5.0 5.0 5.0 5.0 5.0 5.0 
5.0 5.0 5.0 5.0 5.0 5.0 5.0 5.0 5.0 5.0 5.0 5.0 5.0 5.0 5.0 5.0 
5.0 5.0 5.0 5.0 5.0 5.0 5.0 5.0 5.0 5.0 5.0 5.0 5.0 5.0 5.0 5.0 
5.0 5.0 5.0 5.0 5.0 5.0 5.0 5.0 5.0 5.0 5.0 5.0 5.0 5.0 5.0 5.0 
5.0 5.0 5.0 5.0 5.0 5.0 5.0 5.0 5.0 5.0 5.0 5.0 5.0 5.0 5.0 5.0 
5.0 5.0 5.0 5.0 5.0 5.0 5.0 5.0 5.0 5.0 5.0 5.0 5.0 5.0 5.0 5.0 
5.0 5.0 5.0 5.0 5.0 5.0 5.0 5.0 5.0 5.0 5.0 5.0 5.0 5.0 5.0 5.0 
5.0 5.0 5.0 5.0 5.0 5.0 5.0 5.0 5.0 5.0 5.0 5.0 5.0 5.0 5.0 5.0 
5.0 5.0 5.0 5.0 5.0 5.0 5.0 5.0 5.0 5.0 5.0 5.0 5.0 5.0 5.0 5.0 
5.0 5.0 5.0 5.0 5.0 5.0 5.0 5.0 5.0 5.0 5.0 5.0 5.0 5.0 5.0 5.0 
5.0 5.0 5.0 5.0 5.0 5.0 5.0 5.0 5.0 5.0 5.0 5.0 5.0 5.0 5.0 5.0 
5.0 5.0 5.0 5.0 5.0 5.0 5.0 5.0 5.0 5.0 5.0 5.0 5.0 5.0 5.0 5.0 
5.0 5.0 5.0 5.0 5.0 5.0 5.0 5.0 5.0 5.0 5.0 5.0 5.0 5.0 5.0 5.0 
Limite de 256 elementos impressos.
Scalar_matrix_mult (GPU) time: 0.670000 ms
---------- Scalar x Matrix A (GPU result) ----------
8.0 8.0 8.0 8.0 8.0 8.0 8.0 8.0 8.0 8.0 8.0 8.0 8.0 8.0 8.0 8.0 
8.0 8.0 8.0 8.0 8.0 8.0 8.0 8.0 8.0 8.0 8.0 8.0 8.0 8.0 8.0 8.0 
8.0 8.0 8.0 8.0 8.0 8.0 8.0 8.0 8.0 8.0 8.0 8.0 8.0 8.0 8.0 8.0 
8.0 8.0 8.0 8.0 8.0 8.0 8.0 8.0 8.0 8.0 8.0 8.0 8.0 8.0 8.0 8.0 
8.0 8.0 8.0 8.0 8.0 8.0 8.0 8.0 8.0 8.0 8.0 8.0 8.0 8.0 8.0 8.0 
8.0 8.0 8.0 8.0 8.0 8.0 8.0 8.0 8.0 8.0 8.0 8.0 8.0 8.0 8.0 8.0 
8.0 8.0 8.0 8.0 8.0 8.0 8.0 8.0 8.0 8.0 8.0 8.0 8.0 8.0 8.0 8.0 
8.0 8.0 8.0 8.0 8.0 8.0 8.0 8.0 8.0 8.0 8.0 8.0 8.0 8.0 8.0 8.0 
8.0 8.0 8.0 8.0 8.0 8.0 8.0 8.0 8.0 8.0 8.0 8.0 8.0 8.0 8.0 8.0 
8.0 8.0 8.0 8.0 8.0 8.0 8.0 8.0 8.0 8.0 8.0 8.0 8.0 8.0 8.0 8.0 
8.0 8.0 8.0 8.0 8.0 8.0 8.0 8.0 8.0 8.0 8.0 8.0 8.0 8.0 8.0 8.0 
8.0 8.0 8.0 8.0 8.0 8.0 8.0 8.0 8.0 8.0 8.0 8.0 8.0 8.0 8.0 8.0 
8.0 8.0 8.0 8.0 8.0 8.0 8.0 8.0 8.0 8.0 8.0 8.0 8.0 8.0 8.0 8.0 
8.0 8.0 8.0 8.0 8.0 8.0 8.0 8.0 8.0 8.0 8.0 8.0 8.0 8.0 8.0 8.0 
8.0 8.0 8.0 8.0 8.0 8.0 8.0 8.0 8.0 8.0 8.0 8.0 8.0 8.0 8.0 8.0 
8.0 8.0 8.0 8.0 8.0 8.0 8.0 8.0 8.0 8.0 8.0 8.0 8.0 8.0 8.0 8.0 
Limite de 256 elementos impressos.
Matrix_matrix_mult (GPU) time: 2.973000 ms
---------- Matrix C (GPU result) ----------
40960.0 40960.0 40960.0 40960.0 40960.0 40960.0 40960.0 40960.0 40960.0 40960.0 40960.0 40960.0 40960.0 40960.0 40960.0 40960.0 
40960.0 40960.0 40960.0 40960.0 40960.0 40960.0 40960.0 40960.0 40960.0 40960.0 40960.0 40960.0 40960.0 40960.0 40960.0 40960.0 
40960.0 40960.0 40960.0 40960.0 40960.0 40960.0 40960.0 40960.0 40960.0 40960.0 40960.0 40960.0 40960.0 40960.0 40960.0 40960.0 
40960.0 40960.0 40960.0 40960.0 40960.0 40960.0 40960.0 40960.0 40960.0 40960.0 40960.0 40960.0 40960.0 40960.0 40960.0 40960.0 
40960.0 40960.0 40960.0 40960.0 40960.0 40960.0 40960.0 40960.0 40960.0 40960.0 40960.0 40960.0 40960.0 40960.0 40960.0 40960.0 
40960.0 40960.0 40960.0 40960.0 40960.0 40960.0 40960.0 40960.0 40960.0 40960.0 40960.0 40960.0 40960.0 40960.0 40960.0 40960.0 
40960.0 40960.0 40960.0 40960.0 40960.0 40960.0 40960.0 40960.0 40960.0 40960.0 40960.0 40960.0 40960.0 40960.0 40960.0 40960.0 
40960.0 40960.0 40960.0 40960.0 40960.0 40960.0 40960.0 40960.0 40960.0 40960.0 40960.0 40960.0 40960.0 40960.0 40960.0 40960.0 
40960.0 40960.0 40960.0 40960.0 40960.0 40960.0 40960.0 40960.0 40960.0 40960.0 40960.0 40960.0 40960.0 40960.0 40960.0 40960.0 
40960.0 40960.0 40960.0 40960.0 40960.0 40960.0 40960.0 40960.0 40960.0 40960.0 40960.0 40960.0 40960.0 40960.0 40960.0 40960.0 
40960.0 40960.0 40960.0 40960.0 40960.0 40960.0 40960.0 40960.0 40960.0 40960.0 40960.0 40960.0 40960.0 40960.0 40960.0 40960.0 
40960.0 40960.0 40960.0 40960.0 40960.0 40960.0 40960.0 40960.0 40960.0 40960.0 40960.0 40960.0 40960.0 40960.0 40960.0 40960.0 
40960.0 40960.0 40960.0 40960.0 40960.0 40960.0 40960.0 40960.0 40960.0 40960.0 40960.0 40960.0 40960.0 40960.0 40960.0 40960.0 
40960.0 40960.0 40960.0 40960.0 40960.0 40960.0 40960.0 40960.0 40960.0 40960.0 40960.0 40960.0 40960.0 40960.0 40960.0 40960.0 
40960.0 40960.0 40960.0 40960.0 40960.0 40960.0 40960.0 40960.0 40960.0 40960.0 40960.0 40960.0 40960.0 40960.0 40960.0 40960.0 
40960.0 40960.0 40960.0 40960.0 40960.0 40960.0 40960.0 40960.0 40960.0 40960.0 40960.0 40960.0 40960.0 40960.0 40960.0 40960.0 
Limite de 256 elementos impressos.
Overall time: 134.953995 ms
Model name:                           12th Gen Intel(R) Core(TM) i5-12400



./matrix_lib_test 6.0 2048 2048 2048 2048 256 4096 1024 floats_2048_3.0f.dat floats_2048_7.0f.dat result3.dat result4.dat
---------- Matrix A ----------
3.0 3.0 3.0 3.0 3.0 3.0 3.0 3.0 3.0 3.0 3.0 3.0 3.0 3.0 3.0 3.0 
3.0 3.0 3.0 3.0 3.0 3.0 3.0 3.0 3.0 3.0 3.0 3.0 3.0 3.0 3.0 3.0 
3.0 3.0 3.0 3.0 3.0 3.0 3.0 3.0 3.0 3.0 3.0 3.0 3.0 3.0 3.0 3.0 
3.0 3.0 3.0 3.0 3.0 3.0 3.0 3.0 3.0 3.0 3.0 3.0 3.0 3.0 3.0 3.0 
3.0 3.0 3.0 3.0 3.0 3.0 3.0 3.0 3.0 3.0 3.0 3.0 3.0 3.0 3.0 3.0 
3.0 3.0 3.0 3.0 3.0 3.0 3.0 3.0 3.0 3.0 3.0 3.0 3.0 3.0 3.0 3.0 
3.0 3.0 3.0 3.0 3.0 3.0 3.0 3.0 3.0 3.0 3.0 3.0 3.0 3.0 3.0 3.0 
3.0 3.0 3.0 3.0 3.0 3.0 3.0 3.0 3.0 3.0 3.0 3.0 3.0 3.0 3.0 3.0 
3.0 3.0 3.0 3.0 3.0 3.0 3.0 3.0 3.0 3.0 3.0 3.0 3.0 3.0 3.0 3.0 
3.0 3.0 3.0 3.0 3.0 3.0 3.0 3.0 3.0 3.0 3.0 3.0 3.0 3.0 3.0 3.0 
3.0 3.0 3.0 3.0 3.0 3.0 3.0 3.0 3.0 3.0 3.0 3.0 3.0 3.0 3.0 3.0 
3.0 3.0 3.0 3.0 3.0 3.0 3.0 3.0 3.0 3.0 3.0 3.0 3.0 3.0 3.0 3.0 
3.0 3.0 3.0 3.0 3.0 3.0 3.0 3.0 3.0 3.0 3.0 3.0 3.0 3.0 3.0 3.0 
3.0 3.0 3.0 3.0 3.0 3.0 3.0 3.0 3.0 3.0 3.0 3.0 3.0 3.0 3.0 3.0 
3.0 3.0 3.0 3.0 3.0 3.0 3.0 3.0 3.0 3.0 3.0 3.0 3.0 3.0 3.0 3.0 
3.0 3.0 3.0 3.0 3.0 3.0 3.0 3.0 3.0 3.0 3.0 3.0 3.0 3.0 3.0 3.0 
Limite de 256 elementos impressos.
---------- Matrix B ----------
7.0 7.0 7.0 7.0 7.0 7.0 7.0 7.0 7.0 7.0 7.0 7.0 7.0 7.0 7.0 7.0 
7.0 7.0 7.0 7.0 7.0 7.0 7.0 7.0 7.0 7.0 7.0 7.0 7.0 7.0 7.0 7.0 
7.0 7.0 7.0 7.0 7.0 7.0 7.0 7.0 7.0 7.0 7.0 7.0 7.0 7.0 7.0 7.0 
7.0 7.0 7.0 7.0 7.0 7.0 7.0 7.0 7.0 7.0 7.0 7.0 7.0 7.0 7.0 7.0 
7.0 7.0 7.0 7.0 7.0 7.0 7.0 7.0 7.0 7.0 7.0 7.0 7.0 7.0 7.0 7.0 
7.0 7.0 7.0 7.0 7.0 7.0 7.0 7.0 7.0 7.0 7.0 7.0 7.0 7.0 7.0 7.0 
7.0 7.0 7.0 7.0 7.0 7.0 7.0 7.0 7.0 7.0 7.0 7.0 7.0 7.0 7.0 7.0 
7.0 7.0 7.0 7.0 7.0 7.0 7.0 7.0 7.0 7.0 7.0 7.0 7.0 7.0 7.0 7.0 
7.0 7.0 7.0 7.0 7.0 7.0 7.0 7.0 7.0 7.0 7.0 7.0 7.0 7.0 7.0 7.0 
7.0 7.0 7.0 7.0 7.0 7.0 7.0 7.0 7.0 7.0 7.0 7.0 7.0 7.0 7.0 7.0 
7.0 7.0 7.0 7.0 7.0 7.0 7.0 7.0 7.0 7.0 7.0 7.0 7.0 7.0 7.0 7.0 
7.0 7.0 7.0 7.0 7.0 7.0 7.0 7.0 7.0 7.0 7.0 7.0 7.0 7.0 7.0 7.0 
7.0 7.0 7.0 7.0 7.0 7.0 7.0 7.0 7.0 7.0 7.0 7.0 7.0 7.0 7.0 7.0 
7.0 7.0 7.0 7.0 7.0 7.0 7.0 7.0 7.0 7.0 7.0 7.0 7.0 7.0 7.0 7.0 
7.0 7.0 7.0 7.0 7.0 7.0 7.0 7.0 7.0 7.0 7.0 7.0 7.0 7.0 7.0 7.0 
7.0 7.0 7.0 7.0 7.0 7.0 7.0 7.0 7.0 7.0 7.0 7.0 7.0 7.0 7.0 7.0 
Limite de 256 elementos impressos.
Scalar_matrix_mult (GPU) time: 1.987000 ms
---------- Scalar x Matrix A (GPU result) ----------
18.0 18.0 18.0 18.0 18.0 18.0 18.0 18.0 18.0 18.0 18.0 18.0 18.0 18.0 18.0 18.0 
18.0 18.0 18.0 18.0 18.0 18.0 18.0 18.0 18.0 18.0 18.0 18.0 18.0 18.0 18.0 18.0 
18.0 18.0 18.0 18.0 18.0 18.0 18.0 18.0 18.0 18.0 18.0 18.0 18.0 18.0 18.0 18.0 
18.0 18.0 18.0 18.0 18.0 18.0 18.0 18.0 18.0 18.0 18.0 18.0 18.0 18.0 18.0 18.0 
18.0 18.0 18.0 18.0 18.0 18.0 18.0 18.0 18.0 18.0 18.0 18.0 18.0 18.0 18.0 18.0 
18.0 18.0 18.0 18.0 18.0 18.0 18.0 18.0 18.0 18.0 18.0 18.0 18.0 18.0 18.0 18.0 
18.0 18.0 18.0 18.0 18.0 18.0 18.0 18.0 18.0 18.0 18.0 18.0 18.0 18.0 18.0 18.0 
18.0 18.0 18.0 18.0 18.0 18.0 18.0 18.0 18.0 18.0 18.0 18.0 18.0 18.0 18.0 18.0 
18.0 18.0 18.0 18.0 18.0 18.0 18.0 18.0 18.0 18.0 18.0 18.0 18.0 18.0 18.0 18.0 
18.0 18.0 18.0 18.0 18.0 18.0 18.0 18.0 18.0 18.0 18.0 18.0 18.0 18.0 18.0 18.0 
18.0 18.0 18.0 18.0 18.0 18.0 18.0 18.0 18.0 18.0 18.0 18.0 18.0 18.0 18.0 18.0 
18.0 18.0 18.0 18.0 18.0 18.0 18.0 18.0 18.0 18.0 18.0 18.0 18.0 18.0 18.0 18.0 
18.0 18.0 18.0 18.0 18.0 18.0 18.0 18.0 18.0 18.0 18.0 18.0 18.0 18.0 18.0 18.0 
18.0 18.0 18.0 18.0 18.0 18.0 18.0 18.0 18.0 18.0 18.0 18.0 18.0 18.0 18.0 18.0 
18.0 18.0 18.0 18.0 18.0 18.0 18.0 18.0 18.0 18.0 18.0 18.0 18.0 18.0 18.0 18.0 
18.0 18.0 18.0 18.0 18.0 18.0 18.0 18.0 18.0 18.0 18.0 18.0 18.0 18.0 18.0 18.0 
Limite de 256 elementos impressos.
Matrix_matrix_mult (GPU) time: 9.060000 ms
---------- Matrix C (GPU result) ----------
258048.0 258048.0 258048.0 258048.0 258048.0 258048.0 258048.0 258048.0 258048.0 258048.0 258048.0 258048.0 258048.0 258048.0 258048.0 258048.0 
258048.0 258048.0 258048.0 258048.0 258048.0 258048.0 258048.0 258048.0 258048.0 258048.0 258048.0 258048.0 258048.0 258048.0 258048.0 258048.0 
258048.0 258048.0 258048.0 258048.0 258048.0 258048.0 258048.0 258048.0 258048.0 258048.0 258048.0 258048.0 258048.0 258048.0 258048.0 258048.0 
258048.0 258048.0 258048.0 258048.0 258048.0 258048.0 258048.0 258048.0 258048.0 258048.0 258048.0 258048.0 258048.0 258048.0 258048.0 258048.0 
258048.0 258048.0 258048.0 258048.0 258048.0 258048.0 258048.0 258048.0 258048.0 258048.0 258048.0 258048.0 258048.0 258048.0 258048.0 258048.0 
258048.0 258048.0 258048.0 258048.0 258048.0 258048.0 258048.0 258048.0 258048.0 258048.0 258048.0 258048.0 258048.0 258048.0 258048.0 258048.0 
258048.0 258048.0 258048.0 258048.0 258048.0 258048.0 258048.0 258048.0 258048.0 258048.0 258048.0 258048.0 258048.0 258048.0 258048.0 258048.0 
258048.0 258048.0 258048.0 258048.0 258048.0 258048.0 258048.0 258048.0 258048.0 258048.0 258048.0 258048.0 258048.0 258048.0 258048.0 258048.0 
258048.0 258048.0 258048.0 258048.0 258048.0 258048.0 258048.0 258048.0 258048.0 258048.0 258048.0 258048.0 258048.0 258048.0 258048.0 258048.0 
258048.0 258048.0 258048.0 258048.0 258048.0 258048.0 258048.0 258048.0 258048.0 258048.0 258048.0 258048.0 258048.0 258048.0 258048.0 258048.0 
258048.0 258048.0 258048.0 258048.0 258048.0 258048.0 258048.0 258048.0 258048.0 258048.0 258048.0 258048.0 258048.0 258048.0 258048.0 258048.0 
258048.0 258048.0 258048.0 258048.0 258048.0 258048.0 258048.0 258048.0 258048.0 258048.0 258048.0 258048.0 258048.0 258048.0 258048.0 258048.0 
258048.0 258048.0 258048.0 258048.0 258048.0 258048.0 258048.0 258048.0 258048.0 258048.0 258048.0 258048.0 258048.0 258048.0 258048.0 258048.0 
258048.0 258048.0 258048.0 258048.0 258048.0 258048.0 258048.0 258048.0 258048.0 258048.0 258048.0 258048.0 258048.0 258048.0 258048.0 258048.0 
258048.0 258048.0 258048.0 258048.0 258048.0 258048.0 258048.0 258048.0 258048.0 258048.0 258048.0 258048.0 258048.0 258048.0 258048.0 258048.0 
258048.0 258048.0 258048.0 258048.0 258048.0 258048.0 258048.0 258048.0 258048.0 258048.0 258048.0 258048.0 258048.0 258048.0 258048.0 258048.0 
Limite de 256 elementos impressos.
Overall time: 285.090027 ms
Model name:                           12th Gen Intel(R) Core(TM) i5-12400